SAMPLE
4000
17
2.0
0.0,0.0,0.0,0.0,0.0,0.0,0.0,0.0,0.0,0.0,0.0,0.0,0.0,0.0,0.0,0.0,0.0,
-2.764880845,-10.281839063435,-15.051363554405,-20.322481448856,-24.465051878565,-27.48601875593,-29.527049203945,-30.497557636367,-29.994115488061,-28.041246595547,-26.52960822772,-26.513557766766,-24.327105039265,-18.41525029748,-11.851707850833,-6.35801534757,-1.8130287066139,
-40.0
1.0
1.0E-5
10.0
-0.35
-0.34
2.5,-2.5,-5.0,2.5,7.5,5.0,5.0,12.5,20.0,10.0,0.0,10.0,7.5,7.5,2.5,0.0,2.5,
5.0,7.5,15.0,17.5,17.5,30.0,35.0,37.5,25.0,30.0,35.0,20.0,12.5,17.5,7.5,5.0,5.0,
7
0.0,7.9466667,13.366667,18.786667,24.706667,29.653333,32.0,
-1.3333333,-4.6083333,-5.9083333,-5.725,-4.25,-2.1416667,-0.88333333,
2
-1.2951431204129744,-0.585460632298106,0.01874004642873517,
-1.2951431274414062,-2.391104221343994,-3.3371448516845703,-4.133265495300293,-4.779465198516846,-5.275744438171387,-5.622104167938232,-5.818543434143066,-5.865060806274414,-5.761659145355225,-5.508337020874023,-5.1050944328308105,-4.551931381225586,-3.848849058151245,-2.995845317840576,-1.992921233177185,-0.840074896812439,